select accountID from userAccounts
where accountStatus=3
and lastUpdated>'6/18/2002'
go
/u/vplaces/s/sybase/bin/isql -Uvpusr -Pvpusr1 -SSYBASE -i /tmp/.temp.sql.21593 
 accountID   
 ----------- 
      264825 
      333697 
      397789 
      402348 
      402497 
      405777 
      405978 
      407012 
      407158 
      407161 
      407317 
      407519 
      407664 
      407693 
      407703 
      407747 
      408214 
      408557 
      409706 
      409881 
      409884 
      409891 
      409892 
      410012 
      410170 
      410422 
      410586 
      410768 
      410785 
      410788 
      410794 
      410799 
      410800 
      410801 
      410803 
      410804 
      410805 
      410807 
      410815 
      410823 
      410824 
      410825 
      410826 
      410827 
      410829 
      410832 
      410833 
      410834 
      410836 
      410839 
      410841 

(51 rows affected)
