 accountID   
 ----------- 
           1 
       50059 
       50060 
       50061 
       50093 
      100059 
      100068 
      100070 
      100071 
      100075 
      100077 
      100086 
      100087 
      100093 
      100094 
      100110 
      100112 
      100115 
      100137 
      100151 
      100152 
      100153 
      200098 
      200106 
      200129 
      200132 
      200152 
      200397 
      200444 
      200567 
      203570 
      203968 
      205937 
      205994 
      257385 
      257635 
      257883 
      258542 
      263529 
      263532 
      264003 
      264023 
      264230 
      267146 
      319025 
      319955 
      325430 
      331951 
      387551 
      389550 
      393531 
      394167 
      395023 
      399082 
      402683 
      403067 
      405022 
      410899 
      411573 
      416685 
      472390 
      472568 
      475052 
      475232 
      476931 
      481738 
      483879 
      487981 
      489372 
      489812 
      494710 
      495383 
      495402 
      496757 
      498959 
      508461 
      512423 
      516462 
      516577 
      516666 
      519772 
      519796 
      519835 
      519881 
      519893 
      520126 
      521768 
      528056 
      528160 
      626994 
      627970 
      627999 
      628075 
      628175 
      628362 
      628659 
      629008 
      674239 
      675399 
      711671 
      711886 
      712229 
      713678 
      717213 
      722267 
      722771 
      722783 
      723313 
      725874 
      730065 
      730411 
      732947 
      765869 
      767050 
      769392 
      769407 
      769881 
      773405 
      775497 
      776130 
      776289 
      776631 
      776671 
      777406 
      782162 
      782181 
      782936 

(127 rows affected)
