         158       200616 
         127       200152 
          30       200144 
          26       100063 
          19       200647 
          15       203827 
          14       205543 
           7       202939 
           6       201738 
           6       202277 
           6       259787 
           5       201417 
           5       203726 
           5       257094 
           5       257400 
           4       100059 
           4       201049 
           4       203260 
           4       261053 
           4       265769 
           3       201353 
           3       201901 
           3       202653 
           3       203667 
           3       204004 
           3       258442 
           3       262447 
           3       317547 
           2        50059 
           2       150067 
           2       200098 
           2       200153 
           2       200845 
           2       201121 
           2       201485 
           2       201694 
           2       202041 
           2       203455 
           2       204187 
           2       204560 
           2       205776 
           2       206073 
           2       206554 
           2       256814 
           2       257075 
           2       257404 
           2       261289 
           2       261360 
           2       261498 
           2       266500 
           2       388657 
           2       408567 
           1       100075 
           1       100102 
           1       100214 
           1       200396 
           1       200498 
           1       200622 
           1       200652 
           1       200757 
           1       200885 
           1       200887 
           1       200941 
           1       200958 
           1       201038 
           1       201098 
           1       201127 
           1       201248 
           1       201386 
           1       201469 
           1       201511 
           1       201543 
           1       201567 
           1       201570 
           1       201607 
           1       201623 
           1       201702 
           1       201942 
           1       202112 
           1       202203 
           1       202261 
           1       202309 
           1       202493 
           1       202535 
           1       202550 
           1       202768 
           1       202779 
           1       202874 
           1       202901 
           1       203018 
           1       203197 
           1       203347 
           1       203384 
           1       203495 
           1       203570 
           1       203658 
           1       203788 
           1       203914 
           1       203922 
           1       204212 
           1       204666 
           1       204701 
           1       205159 
           1       205170 
           1       205350 
           1       205364 
           1       205585 
           1       206004 
           1       206089 
           1       206189 
           1       206204 
           1       206316 
           1       206465 
           1       206565 
           1       206581 
           1       256787 
           1       256817 
           1       256994 
           1       257025 
           1       257204 
           1       257358 
           1       257385 
           1       257575 
           1       257636 
           1       258108 
           1       258392 
           1       258982 
           1       259017 
           1       259632 
           1       259937 
           1       259977 
           1       260471 
           1       260921 
           1       260934 
           1       261599 
           1       262034 
           1       262078 
           1       262176 
           1       262997 
           1       263136 
           1       264129 
           1       264385 
           1       264420 
           1       265441 
           1       265598 
           1       265693 
           1       265760 
           1       266280 
           1       266550 
           1       316860 
           1       316941 
           1       316965 
           1       317955 
           1       318511 
           1       318607 
           1       318949 
           1       319014 
           1       319805 
           1       320033 
           1       322878 
           1       325167 
           1       327867 
           1       328515 
           1       328916 
           1       331675 
           1       333037 
           1       333971 
           1       334781 
           1       386184 
           1       386583 
           1       387285 
           1       390687 
           1       392202 
           1       401833 
           1       410997 
           1       411310 

(176 rows affected)
