select distinct count(vpplaces..persistentPlaces.URL),
vpusers..userAccounts.accountID
from vpplaces..persistentPlaces, vpusers..userAccounts, vpplaces..userPlaces
where vpplaces..persistentPlaces.URL in (
select vpplaces..persistentPlaces.URL 
from vpusers..userAccounts,vpplaces..userPlaces
where vpusers..userAccounts.accountID=vpplaces..userPlaces.accountID
and vpusers..userAccounts.accountStatus>0)
and vpusers..userAccounts.accountID=vpplaces..userPlaces.accountID
and vpplaces..userPlaces.URL=vpplaces..persistentPlaces.URL
group by vpusers..userAccounts.accountID
order by vpusers..userAccounts.accountID
go
/u/vplaces/s/sybase/bin/isql -Usa -PUBIQUE -SSYBASE -i /tmp/.temp.sql.18916 
             accountID   
 ----------- ----------- 
           1       50093 
           2      100059 
           7      100063 
           1      100084 
           1      100102 
           1      150215 
           1      200091 
           1      200147 
           1      200199 
           1      200215 
           1      200362 
           1      200426 
           1      200498 
           1      200606 
           1      200616 
           1      200630 
           1      200647 
           1      200658 
           1      200669 
           1      200671 
           1      200757 
           1      200881 
           1      200885 
           1      200905 
           1      200931 
           1      200973 
           1      200988 
           1      201024 
           1      201154 
           1      201186 
           1      201234 
           1      201267 
           1      201314 
           1      201335 
           1      201353 
           1      201381 
           1      201417 
           1      201469 
           1      201480 
           1      201552 
           1      201673 
           1      201738 
           1      201826 
           1      201893 
           1      201894 
           1      201901 
           1      201963 
           1      202010 
           1      202051 
           5      202134 
           1      202168 
           1      202169 
           1      202235 
           1      202363 
           1      202364 
           1      202389 
           1      202416 
           1      202436 
           1      202448 
           1      202516 
           2      202530 
           1      202641 
           1      202653 
           1      202663 
           1      202818 
           1      202828 
           1      202845 
           1      202946 
           1      203108 
           1      203110 
           1      203156 
           1      203190 
           1      203224 
           1      203225 
           1      203254 
           2      203260 
           1      203346 
           1      203385 
           1      203394 
           1      203432 
          10      203458 
           1      203531 
           1      203570 
           1      203605 
           1      203630 
           1      203642 
           1      203658 
           2      203666 
           1      203667 
           1      203675 
           1      203695 
           1      203706 
           2      203726 
           2      203751 
           1      203755 
           1      203827 
           1      203839 
           1      203963 
           1      203967 
           1      204062 
           1      204161 
           1      204340 
           2      204393 
           1      204511 
           1      204512 
           1      204560 
           1      204563 
           1      204751 
           1      204822 
           1      204844 
           1      204954 
           2      204965 
           1      204973 
           1      205011 
           1      205016 
           1      205039 
           1      205108 
           1      205140 
           1      205147 
           1      205177 
           1      205198 
           2      205213 
           1      205280 
           1      205306 
           1      205436 
           1      205463 
           1      205541 
           1      205560 
           1      205651 
           1      205721 
           1      205767 
           1      205768 
           1      205811 
           1      205915 
           1      205941 
           1      205988 
           2      205994 
           1      206037 
           1      206194 
           1      206218 
           1      206224 
           1      206327 
           1      206435 
           1      206459 
           1      206484 
           1      206515 
           2      206554 
           1      256879 
           1      256881 
           1      256958 
           1      257021 
           1      257094 
           1      257204 
           1      257287 
           1      257368 
           1      257387 
           2      257400 
           1      257406 
           1      257523 
           1      257548 
           1      257676 
           1      257686 
           1      257688 
           1      257825 
           1      257870 
           1      258131 
           1      258216 
           2      258315 
           1      258494 
           1      258504 
           1      258548 
           1      259005 
           1      259052 
           1      259071 
           1      259102 
           1      259133 
           1      259135 
           1      259324 
           1      259427 
           1      259755 
           1      259772 
           1      259846 
           1      259865 
           1      259881 
           1      259944 
           1      260008 
           1      260073 
           1      260125 
           1      260155 
           1      260161 
           1      260331 
           1      260335 
           2      260385 
           1      260395 
           1      260436 
           1      260566 
           1      260694 
           1      260731 
           1      260743 
           1      261024 
           1      261066 
           2      261221 
           1      261242 
           1      261289 
           1      261312 
           1      261360 
           1      261498 
           1      261599 
           1      261882 
           1      261934 
           1      262176 
           1      262222 
           1      262232 
           2      262235 
           1      262250 
           1      262387 
           1      262397 
           1      262417 
           1      262676 
           1      262886 
           1      262970 
           1      263107 
           1      263288 
           1      263458 
           1      263486 
           1      263548 
           1      263645 
           1      263984 
           2      264385 
           1      264672 
           1      264714 
           1      264961 
           1      265036 
           1      265048 
           1      265152 
           1      265598 
           1      265835 
           1      265967 
           1      265984 
           1      266241 
           1      266502 
           1      266759 
           1      267171 
           1      267296 
           1      267511 
           1      316812 
           1      316940 
           1      317274 
           1      317517 
           1      317593 
           2      317694 
           1      317786 
           1      318078 
           1      318371 
           1      318434 
           1      318762 
           1      318773 
           1      318841 
           2      318949 
           1      319094 
           1      319174 
           1      319361 
           1      319429 
           1      319483 
           1      319519 
           1      320138 
           1      320163 
           1      320172 
           1      321082 
           1      321386 
           1      321404 
           2      321632 
           1      321717 
           1      321739 
           1      321783 
           1      322049 
           1      322417 
           1      322867 
           1      322926 
           1      323034 
           1      323470 
           1      323523 
           1      323965 
           1      325167 
           1      325243 
           2      325643 
           1      325660 
           2      326431 
           1      326573 
           1      327235 
           1      327454 
           1      327954 
           1      327982 
           1      328030 
           1      328252 
           2      328492 
           1      328819 
           1      328916 
           1      329367 
           1      329408 
           1      329584 
           1      329624 
           1      329730 
           1      330096 
           1      330550 
           1      330649 
           1      330787 
           1      331433 
           1      331928 
           1      332283 
           1      332290 
           1      333327 
           1      334372 
           1      334836 
           1      385611 
           1      386325 
           1      387514 
           1      388099 
           1      388350 
           1      388355 
           1      388657 
           1      388902 
           1      388937 
           1      389573 
           1      389574 
           1      389805 
           1      390768 
           1      391263 
           2      391473 
           2      392273 
           1      392482 
           1      392860 
           1      393410 
           1      393938 
           1      394540 
           1      394547 
           1      394961 
           1      395211 
           1      396520 
           2      396559 
           1      396669 

(341 rows affected)
